 HMW84LI6                                                                            
 12   2   4  18  78     
 H                        O                        C                               
 S                        Cl                       Na                               
 K                        Mg                       Ca                               
 EA                       Si        		       Li				    
       1.0079                  15.9994                  12.0110         
      32.0660                  35.4527                  22.9898         
      39.0983                  24.3050                  40.0780         
       0.0001                  28.0860			         6.941		
   6  1  2  3  4  5  6
   6  1  2  3  4  5  6        
 GAS                              
 IDMX          
 H2O(gas)                           
  1 1   2.0   1.0   0.0   0.0   0.0   0.0   0.0   0.0   0.0   0.0   0.0		0.0      
  298.15000     -228587.00     0.0   0.0   0.0   0.0		0.0        
 CO2(gas)                           
  1 1   0.0   2.0   1.0   0.0   0.0   0.0   0.0   0.0   0.0   0.0   0.0      	0.0
  298.15000     -394384.48    0.0   0.0   0.0   0.0		0.0         
 H2                                 
  1 1   2.0   0.0   0.0   0.0   0.0   0.0   0.0   0.0   0.0   0.0   0.0      	0.0
  298.15000     0.00000000    0.0   0.0   0.0   0.0		0.0         
 O2                                 
  1 1   0.0   2.0   0.0   0.0   0.0   0.0   0.0   0.0   0.0   0.0   0.0      	0.0
  298.15000     0.00000000  0.0   0.0   0.0   0.0		0.0           
 AQU                          
 PITZ          
 Water                              
  1 1  0.0   2.0   1.0   0.0   0.0   0.0   0.0   0.0   0.0   0.0   0.0  0.0       0.0
  298.15000     -237147.06      0.0   0.0   0.0   0.0		0.0       
 Na+                                
  1 1  1.0   0.0   0.0   0.0   0.0   0.0   1.0   0.0   0.0   0.0   -1.0  0.0      0.0 
  298.15000     -261905.78       0.0   0.0   0.0   0.0		0.0      
 K+                                 
  1 1  1.0   0.0   0.0   0.0   0.0   0.0   0.0   1.0   0.0   0.0   -1.0  0.0      0.0 
  298.15000     -282495.10    0.0   0.0   0.0   0.0		0.0         
 Ca++                               
  1 1  2.0   0.0   0.0   0.0   0.0   0.0   0.0   0.0   0.0   1.0   -2.0  0.0      0.0 
  298.15000     -553552.26    0.0   0.0   0.0   0.0		0.0         
 Mg++                               
  1 1  2.0   0.0   0.0   0.0   0.0   0.0   0.0   0.0   1.0   0.0   -2.0  0.0       0.0
  298.15000     -454810.24    0.0   0.0   0.0   0.0		0.0         
 MgOH+                              
  1 1  1.0   1.0   1.0   0.0   0.0   0.0   0.0   0.0   1.0   0.0   -1.0  0.0       0.0
  298.15000     -624549.74   0.0   0.0   0.0   0.0		0.0          
 H+                                 
  1 1  1.0   1.0   0.0   0.0   0.0   0.0   0.0   0.0   0.0   0.0   -1.0  0.0       0.0
  298.15000     0.00000000    0.0   0.0   0.0   0.0		0.0         
 Cl-                                
  1 1 -1.0   0.0   0.0   0.0   0.0   1.0   0.0   0.0   0.0   0.0   1.0  0.0       0.0
  298.15000     -131273.92   0.0   0.0   0.0   0.0		0.0          
 SO4--                              
  1 1 -2.0   0.0   4.0   0.0   1.0   0.0   0.0   0.0   0.0   0.0   2.0  0.0       0.0
  298.15000     -744645.54   0.0   0.0   0.0   0.0		0.0          
 HSO4-                              
  1 1 -1.0   1.0   4.0   0.0   1.0   0.0   0.0   0.0   0.0   0.0   1.0  0.0       0.0
  298.15000     -755939.69   0.0   0.0   0.0   0.0		0.0          
 OH-                                
  1 1 -1.0   1.0   1.0   0.0   0.0   0.0   0.0   0.0   0.0   0.0   1.0  0.0       0.0
  298.15000     -157252.97   0.0   0.0   0.0   0.0		0.0          
 HCO3-                              
  1 1 -1.0   1.0   3.0   1.0   0.0   0.0   0.0   0.0   0.0   0.0   1.0  0.0       0.0
  298.15000     -586896.78    0.0   0.0   0.0   0.0		0.0         
 CO3--                              
  1 1 -2.0   0.0   3.0   1.0   0.0   0.0   0.0   0.0   0.0   0.0   2.0  0.0       0.0
  298.15000     -527880.13   0.0   0.0   0.0   0.0		0.0          
 CaCO3(aq)                          
  1 1  0.0   0.0   3.0   1.0   0.0   0.0   0.0   0.0   0.0   1.0   0.0  0.0       0.0
  298.15000     -1099419.7   0.0   0.0   0.0   0.0		0.0          
 MgCO3(aq)                          
  1 1  0.0   0.0   3.0   1.0   0.0   0.0   0.0   0.0   1.0   0.0   0.0  0.0       0.0
  298.15000     -999406.01   0.0   0.0   0.0   0.0		0.0          
 CO2(aq)                            
  1 1  0.0   0.0   2.0   1.0   0.0   0.0   0.0   0.0   0.0   0.0   0.0  0.0       0.0
  298.15000     -385924.84  0.0   0.0   0.0   0.0		0.0       
 SiO2(aq) 
  1 1  0.0   0.0   2.0   0.0   0.0   0.0   0.0   0.0   0.0   0.0   0.0  1.0	  0.0
  298.15000     -834411.0  0.0   0.0   0.0   0.0		0.0
 Li+
  1 1  1.0   0.0  0.0	0.0	0.0	0.0	0.0	0.0	0.0	0.0	-1.0	0.0	1.0
  298.15	-292623.5519  0.0   0.0   0.0   0.0		0.0
  2         
  2    8    0  0.0 0.636052   0.0   0.0   0.0   0.0	
  2         
  2    8    1  0.0 2.198330    0.0   0.0   0.0   0.0		
  2         
  2    8    3  0.0 0.010559    0.0   0.0   0.0   0.0	
  2         Na2SO4
  2    9    0   8747.189463  -369.1643775  65.31312068  -0.10779428  0.00000000  0.00000000  
  2         
  2    9    1  -419312.4028  14159.515  -2420.409141  3.51043031  0.00000000  0.00000000    
  2         
  2    9    3  -4109.70399  150.0358097  -25.94360524  3.89258009E-02  0.00000000  0.00000000    
  2         
  2   10    0  0.0 0.377474    0.0   0.0   0.0   0.0		
  2         
  2   10    1  0.0 3.309135    0.0   0.0   0.0   0.0		
  2         
  2   11    0  -822.207645    6.222996945   0.0    -0.00871236196   0.0   0.0
  2         
  2   11    1  -1713.718216    9.995937427   0.0    -0.010773978   0.0     0.0
  2         
  2   11    3  143.8413181    -0.757713735   0.0    0.000983328910   0.0 0.0
  2         
  2   12    0  0.0	0.230309    0.0   0.0   0.0   0.0	
  2         
  2   12    1  0.0	0.341722   0.0   0.0   0.0   0.0	
  2         
  2   13    0  0.0	0.331745  0.0   0.0   0.0   0.0		
  2         
  2   13    1  0.0	11.548732  0.0   0.0   0.0   0.0	 
  2         
  2   13    3  0.0	0.036583    0.0   0.0   0.0   0.0		
  2         
  3    8    0  0.0	0.402002    0.0   0.0   0.0   0.0		
  2         
  3    8    1  0.0	1.764318    0.0   0.0   0.0   0.0		
  2         
  3    8    3  0.0	-0.006984   0.0   0.0   0.0   0.0	
  2         
  3    9    0  0.0	0.415305    0.0   0.0   0.0   0.0		
  2         
  3    9    1  0.0	6.479428   0.0   0.0   0.0   0.0	
  2         
  3   10    0  0.0	-0.002494  0.0   0.0   0.0   0.0	
  2         
  3   10    1  0.0	1.442550   0.0   0.0   0.0   0.0		
  2         
  3   11    0  0.0	1.079210   0.0   0.0   0.0   0.0	
  2         
  3   11    1  0.0	2.660611   0.0   0.0   0.0   0.0		
  2         
  3   11    3  0.0	0.034089   0.0   0.0   0.0   0.0		
  2         
  3   12    0  0.0	0.246107    0.0   0.0   0.0   0.0		
  2         
  3   12    1  0.0	-0.108087  0.0   0.0   0.0   0.0		
  2         
  3   12    3  0.0	-0.066515   0.0   0.0   0.0   0.0		
  2         
  3   13    0  0.0	1.237184    0.0   0.0   0.0   0.0		
  2         
  3   13    1  0.0	11.889623   0.0   0.0   0.0   0.0		
  2         
  3   13    3  0.0	-0.012472    0.0   0.0   0.0   0.0		
  2         
  4    8    0  0.0	2.626522    0.0   0.0   0.0   0.0		
  2         
  4    8    1  0.0	13.419474    0.0   0.0   0.0   0.0		
  2         
  4    8    3  0.0	-0.002827   0.0   0.0   0.0   0.0	
  2            
  4    9    0  0.0	1.662882    0.0   0.0   0.0   0.0		
  2         
  4    9    1  0.0	26.583696    0.0   0.0   0.0   0.0	
  2         
  4    9    2  0.0	-450.974139   0.0   0.0   0.0   0.0		
  2         
  4   10    0  0.0	1.783441   0.0   0.0   0.0   0.0		0.0 
  2         
  4   10    1  0.0	21.035482   0.0   0.0   0.0   0.0		 
  2         
  4   11    0  0.0	-1.452527  0.0   0.0   0.0   0.0	
  2         
  4   11    1  0.0	-1.914809  0.0   0.0   0.0   0.0		  
  2         
  4   11    2  0.0	-47.558483  0.0   0.0   0.0   0.0		  
  2         
  4   12    0  0.0	3.325764    0.0   0.0   0.0   0.0		
  2         
  4   12    1  0.0	24.752032   0.0   0.0   0.0   0.0		
  2         
  5    8    0  0.0	2.929582    0.0   0.0   0.0   0.0	
  2         
  5    8    1  0.0	13.980697   0.0   0.0   0.0   0.0		
  2         
  5    8    3  0.0	0.043152    0.0   0.0   0.0   0.0	
  2         
  5    9    0  0.0	1.837485    0.0   0.0   0.0   0.0		
  2         
  5    9    1  0.0	27.795106   0.0   0.0   0.0   0.0		
  2         
  5    9    2  0.0	-309.545858  0.0   0.0   0.0   0.0		
  2         
  5    9    3  0.0	0.207860    0.0   0.0   0.0   0.0		
  2         
  5   10    0  0.0	3.946027    0.0   0.0   0.0   0.0	
  2         
  5   10    1  0.0	14.375632   0.0   0.0   0.0   0.0	
  2         
  5   12    0  0.0	2.735441    0.0   0.0   0.0   0.0		
  2         
  5   12    1  0.0	5.048518    0.0   0.0   0.0   0.0	
  2         
  6    8    0  0.0	-0.831441   0.0   0.0   0.0   0.0		 
  2         
  6    8    1  0.0	13.785308   0.0   0.0   0.0   0.0		
  2         
  7    8    0  0.0	1.475808   0.0   0.0   0.0   0.0	
  2         
  7    8    1  0.0	2.448594   0.0   0.0   0.0   0.0		
  2         
  7    8    3  0.0	0.006652    0.0   0.0   0.0   0.0		
  2         
  7    9    0  0.0	0.247769   0.0   0.0   0.0   0.0		
  2         
  7    9    3  0.0	0.364171   0.0   0.0   0.0   0.0		
  2         
  7   10    0  0.0	1.716926    0.0   0.0   0.0   0.0		
  2         
  7   10    1  0.0	4.619495   0.0   0.0   0.0   0.0		
  2         
  2   16    0  0.0	0.831441  0.0   0.0   0.0   0.0		  
  2         
  3   16    0  0.0	0.424035    0.0   0.0   0.0   0.0		
  2         
  4   16    0  0.0	1.521537   0.0   0.0   0.0   0.0		 
  2         
  5   16    0  0.0	1.521537    0.0   0.0   0.0   0.0		
  2         
  6   16    0  0.0	0.000000    0.0   0.0   0.0   0.0		
  2         
  8   16    0  0.0	-0.041572   0.0   0.0   0.0   0.0		
  2         
  9   16    0  0.0	0.806498    0.0   0.0   0.0   0.0		
  2         
  10  16    0  0.0	-0.024943   0.0   0.0   0.0   0.0		 
  3         
  2    3    8  0.0	-0.014966   0.0   0.0   0.0   0.0		
  3         
  2    3    9  0.0	-0.0831441   0.0   0.0   0.0   0.0		 
  3         
  2    3   12  0.0	-0.024943   0.0   0.0   0.0   0.0		
  3         
  2    3   13  0.0	0.024943    0.0   0.0   0.0   0.0		
  3         
  2    4    8  0.0	-0.058201    0.0   0.0   0.0   0.0		
  3         
  2    4    9  0.0	-0.457293    0.0   0.0   0.0   0.0		
  3         
  2    5    8  0.0	-0.099773   0.0   0.0   0.0   0.0		
  3         
  2    5    9  0.0	-0.124716   0.0   0.0   0.0   0.0		
  3         
  2    7    8  0.0	-0.033258    0.0   0.0   0.0   0.0		
  3         
  2    7   10  0.0	-0.107256    0.0   0.0   0.0   0.0		
  3         
  3    4    8  0.0	-0.207860    0.0   0.0   0.0   0.0		
  3         
  3    5    8  0.0	-0.182917   0.0   0.0   0.0   0.0		 
  3         
  3    5    9  0.0	-0.399092   0.0   0.0   0.0   0.0		
  3         
  3    7    8  0.0	-0.091459    0.0   0.0   0.0   0.0		
  3         
  3    7    9  0.0	1.637939    0.0   0.0   0.0   0.0		
  3         
  3    7   10  0.0	-0.220332   0.0   0.0   0.0   0.0		
  3         
  4    5    8  0.0	-0.099773  0.0   0.0   0.0   0.0	  
  3         
  4    5    9  0.0	0.199546    0.0   0.0   0.0   0.0	
  3         
  4    7    8  0.0	-0.124716  0.0   0.0   0.0   0.0		  
  3         
  5    6    8  0.0	0.232803    0.0   0.0   0.0   0.0		
  3         
  5    7    8  0.0	-0.091459    0.0   0.0   0.0   0.0		
  3         
  5    7   10  0.0	-0.147996   0.0   0.0   0.0   0.0		
  2  
  2    3    0   0.0	-0.099773  0.0   0.0   0.0   0.0		
  2  
  2    4    0   0.0	0.582009  0.0   0.0   0.0   0.0		
  2  
  2    5    0   0.0	0.582009  0.0   0.0   0.0   0.0		
  2  
  2    7    0   0.0	0.299319  0.0   0.0   0.0   0.0		
  2  
  3    4    0   0.0	0.266061  0.0   0.0   0.0   0.0		
  2  
  3    7    0   0.0	0.041572  0.0   0.0   0.0   0.0		
  2  
  4    5    0   0.0	0.058201  0.0   0.0   0.0   0.0		
  2  
  4    7    0   0.0	0.764926  0.0   0.0   0.0   0.0		
  2  
  5    7    0   0.0	0.831441  0.0   0.0   0.0   0.0		
  2  
  8    9    0   0.0	0.166288  0.0   0.0   0.0   0.0		
  2  
  8   10    0   0.0	-0.049886  0.0   0.0   0.0   0.0		
  2  
  8   11    0   0.0	-0.415721  0.0   0.0   0.0   0.0		
  2  
  8   12    0   0.0	0.249432  0.0   0.0   0.0   0.0		
  2  
  8   13    0   0.0	-0.166288  0.0   0.0   0.0   0.0	
  2  
  9   12    0   0.0	0.083144  0.0   0.0   0.0   0.0		
  2  
  9   13    0   0.0	0.166288  0.0   0.0   0.0   0.0		
  2  
  11  13    0   0.0	0.831441  0.0   0.0   0.0   0.0		
  2  
  12  13    0   0.0	-0.332576  0.0   0.0   0.0   0.0		
  3
  2    8    9   0.0	0.01164  0.0   0.0   0.0   0.0		
  3
  2    8   10   0.0	-0.049886  0.0   0.0   0.0   0.0		
  3
  2    8   11   0.0	-0.049886  0.0   0.0   0.0   0.0		 
  3
  2    8   12   0.0	-0.12472   0.0   0.0   0.0   0.0	
  3
  2    8   13   0.0	0.07067  0.0   0.0   0.0   0.0		
  3
  2    9   10   0.0	-0.078155  0.0   0.0   0.0   0.0	
  3
  2    9   12   0.0	-0.04157  0.0   0.0   0.0   0.0		
  3
  2    9   13   0.0	-0.04157  0.0   0.0   0.0   0.0		
  3
  2   11   13   0.0	-0.1413  0.0   0.0   0.0   0.0	
  3
  2   12   13   0.0	0.01663  0.0   0.0   0.0   0.0		
  3
  3    8   11   0.0	-0.04989  0.0   0.0   0.0   0.0		
  3
  3    8   13   0.0	0.03326  0.0   0.0   0.0   0.0		
  3
  3    9   10   0.0	-0.56288  0.0   0.0   0.0   0.0		
  3
  3    9   11   0.0	-0.41572  0.0   0.0   0.0   0.0		
  3
  3    9   13   0.0	-0.07483  0.0   0.0   0.0   0.0		
  3
  3   11   13   0.0	-0.83144  0.0   0.0   0.0   0.0		
  3
  3   12   13   0.0	0.09977  0.0   0.0   0.0   0.0		
  3
  4    8    9   0.0	-0.14966  0.0   0.0   0.0   0.0		
  3
  4    8   11   0.0	-0.20786  0.0   0.0   0.0   0.0		
  3
  5    8    9   0.0	-0.03326  0.0   0.0   0.0   0.0		
  3
  5    8   12   0.0	-0.79818  0.0   0.0   0.0   0.0	
  3
  5    9   10   0.0	-0.35336  0.0   0.0   0.0   0.0		
  3
  5    9   12   0.0	-1.33862  0.0   0.0   0.0   0.0		
  3
  7    8   10   0.0	0.10809  0.0   0.0   0.0   0.0		
  2
  18	8   0	0.0	1.730892  0.0   0.0   0.0   0.0		
  2
  18	8   1	0.0	-0.603958  0.0   0.0   0.0   0.0		
  2
  18	8   3	0.0	-0.0352614  0.0   0.0   0.0   0.0		
  2
  18	9   0	0.0	1.19694  0.0   0.0   0.0   0.0		
  2
  18	9   1	0.0	9.78904  0.0   0.0   0.0   0.0		
  2
  18	9   3	0.0	-0.047475  0.0   0.0   0.0   0.0	
  3
  18	8   9	0.0	-0.102766  0.0   0.0   0.0   0.0		
  2
  18	3   0	0.0	-0.4219558  0.0   0.0   0.0   0.0		
  3
  18	3   8	0.0	-0.0491273  0.0   0.0   0.0   0.0		
  3
  18	3   9	0.0	-0.0662624  0.0   0.0   0.0   0.0		
  2
  18	5   0	0.0	0.0847736  0.0   0.0   0.0   0.0		
  3
  18	5   8	0.0	-0.0049448  0.0   0.0   0.0   0.0	
  3
  18	5   9	0.0	0.047391  0.0   0.0   0.0   0.0		
  2
  18	2   0	0.0	0.167618  0.0   0.0   0.0   0.0		
  3
  18	2   8	0.0	-0.061660  0.0   0.0   0.0   0.0		
  3
  18	2   9	0.0	-0.064636  0.0   0.0   0.0   0.0	 
  3
  18    2   13   0.0	0.04  0.0   0.0   0.0   0.0		
  2
  18    13  0    0.0	0.1  0.0   0.0   0.0   0.0		
  2
  18	11	0	0.0	0.429793  0.0   0.0   0.0   0.0		
  2
  18	11	1	0.0	-0.933375  0.0   0.0   0.0   0.0		
  2
  18	11	3	0.0	-0.0303559  0.0   0.0   0.0   0.0	
  3
  18	2	11	0.0	-0.05  0.0   0.0   0.0   0.0	
  2             OH_SO4
  9  11  0    0.0    -2.791611549    1.20819317    -0.0188929876    1.62452221E-05    0.0
  3             Na_SO4_OH
  2  9  11   -21.23912206   -0.390607450    0.0    0.001228347746    0.0    0.0
  0     
anhydrit     
1  1  0.0  4.0  0.0  1.0  0.0  0.0  0.0  0.0  1.0  0.0  0.0       0.0 
 298.15000     -1323085.362199    0.0   0.0   0.0   0.0		0.0 
NaK3(SO4)2     
1  1  0.0  8.0  0.0  2.0  0.0  1.0  3.0  0.0  0.0  0.0  0.0    0.0
 298.15000     -2620364.945033    0.0   0.0   0.0   0.0		0.0 
CaCl2.6H2O     
1  1  12.0 6.0  0.0  0.0  2.0  0.0  0.0  0.0  1.0  0.0  0.0    0.0
 298.15000     -2215305.929831    0.0   0.0   0.0   0.0		0.0 
aragonit     
1  1  0.0  3.0  1.0  0.0  0.0  0.0  0.0  0.0  1.0  0.0  0.0    0.0
 298.15000     -1128339.730411   0.0   0.0   0.0   0.0		0.0  
K2SO4     
1  1  0.0  4.0  0.0  1.0  0.0  0.0  2.0  0.0  0.0  0.0  0.0     0.0
 298.15000     -1319763.580801   0.0   0.0   0.0   0.0		0.0  
MgCl2.6H2O     
1  1  12.0 6.0  0.0  0.0  2.0  0.0  0.0  1.0  0.0  0.0  0.0   0.0
 298.15000     -2114784.858434    0.0   0.0   0.0   0.0		0.0 
astrakanit     
1  1  8.0  12.0 0.0  2.0  0.0  2.0  0.0  1.0  0.0  0.0  0.0    0.0
 298.15000     -3429863.240099     0.0   0.0   0.0   0.0		0.0
Mg(OH)2     
1  1  2.0  2.0  0.0  0.0  0.0  0.0  0.0  1.0  0.0  0.0  0.0    0.0
 298.15000     -831436.925939     0.0   0.0   0.0   0.0		0.0
Na6CO3(SO4)2     
1  1  0.0  11.0 1.0  2.0  0.0  6.0  0.0  0.0  0.0  0.0  0.0    0.0
 298.15000     -3592977.580370    0.0   0.0   0.0   0.0		0.0 
calcit     
1  1  0.0  3.0  1.0  0.0  0.0  0.0  0.0  0.0  1.0  0.0  0.0    0.0
 298.15000     -1129405.675187     0.0   0.0   0.0   0.0		0.0
CaCl2.4H2O     
1  1  8.0  4.0  0.0  0.0  2.0  0.0  0.0  0.0  1.0  0.0  0.0    0.0
 298.15000     -1732036.315306  0.0   0.0   0.0   0.0		0.0   
Ca4Cl2(OH)6.13H2O     
1  1  32.0 19.0 0.0  0.0  2.0  0.0  0.0  0.0  4.0  0.0  0.0    0.0
 298.15000     -6590141.609311   0.0   0.0   0.0   0.0		0.0  
Ca2Cl2(OH)2.H2O     
1  1  4.0  3.0  0.0  0.0  2.0  0.0  0.0  0.0  2.0  0.0  0.0    0.0
 298.15000     -1929632.729637   0.0   0.0   0.0   0.0		0.0  
carnallit     
1  1  12.0 6.0  0.0  0.0  3.0  0.0  1.0  1.0  0.0  0.0  0.0    0.0
 298.15000     -2529263.850732    0.0   0.0   0.0   0.0		0.0 
dolomit     
1  1  0.0  6.0  2.0  0.0  0.0  0.0  0.0  1.0  1.0  0.0  0.0    0.0
 298.15000     -2161612.060375   0.0   0.0   0.0   0.0		0.0  
MgSO4.7H2O     
1  1  14.0 11.0 0.0  1.0  0.0  0.0  0.0  1.0  0.0  0.0  0.0    0.0
 298.15000     -2870192.653429    0.0   0.0   0.0   0.0		0.0 
Na2Ca(CO3)2.5H2O     
1  1  10.0 11.0 2.0  0.0  0.0  2.0  0.0  0.0  1.0  0.0  0.0    0.0
 298.15000     -3372599.695111   0.0   0.0   0.0   0.0		0.0  
glauberit     
1  1  0.0  8.0  0.0  2.0  0.0  2.0  0.0  0.0  1.0  0.0  0.0    0.0
 298.15000     -2596567.108154    0.0   0.0   0.0   0.0		0.0 
gips     
1  1  4.0  6.0  0.0  1.0  0.0  0.0  0.0  0.0  1.0  0.0  0.0    0.0
 298.15000     -1798620.679739   0.0   0.0   0.0   0.0		0.0  
NaCl     
1  1  0.0  0.0  0.0  0.0  1.0  1.0  0.0  0.0  0.0  0.0  0.0      0.0
 298.15000     -384215.718519    0.0   0.0   0.0   0.0		0.0 
MgSO4.6H2O     
1  1  12.0 10.0 0.0  1.0  0.0  0.0  0.0  1.0  0.0  0.0  0.0    0.0
 298.15000     -2631644.128136   0.0   0.0   0.0   0.0		0.0  
KMgClSO4.3H2O     
1  1  6.0  7.0  0.0  1.0  1.0  0.0  1.0  1.0  0.0  0.0  0.0    0.0
 298.15000     -2325742.766595  0.0   0.0   0.0   0.0		0.0   
KHCO3     
1  1  1.0  3.0  1.0  0.0  0.0  0.0  1.0  0.0  0.0  0.0  0.0     0.0
 298.15000     -867778.206005  0.0   0.0   0.0   0.0		0.0   
MgSO4.H2O     
1  1  2.0  5.0  0.0  1.0  0.0  0.0  0.0  1.0  0.0  0.0  0.0    0.0
 298.15000     -1437290.189802   0.0   0.0   0.0   0.0		0.0  
Na4Ca(SO4)3.2H2O     
1  1  4.0  14.0 0.0  3.0  0.0  4.0  0.0  0.0  1.0  0.0  0.0    0.0
 298.15000     -4341741.812570    0.0   0.0   0.0   0.0		0.0 
K2Mg(SO4)2.4H2O     
1  1  8.0  12.0 0.0  2.0  0.0  0.0  2.0  1.0  0.0  0.0  0.0    0.0
 298.15000     -3480359.275226    0.0   0.0   0.0   0.0		0.0 
MgCO3     
1  1  0.0  3.0  1.0  0.0  0.0  0.0  0.0  1.0  0.0  0.0  0.0    0.0
 298.15000     -1027397.238985  0.0   0.0   0.0   0.0		0.0   
Mg2Cl(OH)3.4H2O     
1  1  11.0 7.0  0.0  0.0  1.0  0.0  0.0  2.0  0.0  0.0  0.0    0.0
 298.15000     -2552318.005208  0.0   0.0   0.0   0.0		0.0   
KHSO4     
1  1  1.0  4.0  0.0  1.0  0.0  0.0  1.0  0.0  0.0  0.0  0.0     0.0
 298.15000     -1035131.535970  0.0   0.0   0.0   0.0		0.0   
Na2SO4.10H2O     
1  1  20.0 14.0 0.0  1.0  0.0  2.0  0.0  0.0  0.0  0.0  0.0    0.0
 398.15000     -3639927.7	-538.4421493 0.0  2.545201591 -2.7438983e-3  0.0     
K8H6(SO4)7     
1  1  6.0  28.0 0.0  7.0  0.0  0.0  8.0  0.0  0.0  0.0  0.0    0.0
 298.15000     -7534097.682740  0.0   0.0   0.0   0.0		0.0   
NaHCO3     
1  1  1.0  3.0  1.0  0.0  0.0  1.0  0.0  0.0  0.0  0.0  0.0    0.0
 298.15000     -851094.930777  0.0   0.0   0.0   0.0		0.0   
Na2CO3.10H2O     
1  1  20.0 13.0 1.0  0.0  0.0  2.0  0.0  0.0  0.0  0.0  0.0    0.0
 298.15000     -3427830.508199  0.0   0.0   0.0   0.0		0.0   
MgCO3.3H2O     
1  1  6.0  6.0  1.0  0.0  0.0  0.0  0.0  1.0  0.0  0.0  0.0    0.0
 298.15000     -1723607.914745   0.0   0.0   0.0   0.0		0.0  
K2Mg(SO4)2.6H2O     
1  1  12.0 14.0 0.0  2.0  0.0  0.0  2.0  1.0  0.0  0.0  0.0    0.0
 298.15000     -3956638.275168   0.0   0.0   0.0   0.0		0.0  
Na2Ca(CO3)2.2H2O     
1  1  4.0  8.0  2.0  0.0  0.0  2.0  0.0  0.0  1.0  0.0  0.0    0.0
 298.15000     -2660151.953564   0.0   0.0   0.0   0.0		0.0  
polyhalit     
1  1  4.0  18.0 0.0  4.0  0.0  0.0  2.0  1.0  2.0  0.0  0.0    0.0
 298.15000     -5658183.611974  0.0   0.0   0.0   0.0		0.0   
Ca(OH)2     
1  1  2.0  2.0  0.0  0.0  0.0  0.0  0.0  0.0  1.0  0.0  0.0    0.0
 298.15000     -897674.238584  0.0   0.0   0.0   0.0		0.0   
K2CO3.1.5H2O     
1  1  3.0  4.5  1.0  0.0  0.0  0.0  2.0  0.0  0.0  0.0  0.0    0.0
 298.15000     -1431266.362342  0.0   0.0   0.0   0.0		0.0   
K8H4(CO3)6.3H2O     
1  1  10.0 21.0 6.0  0.0  0.0  0.0  8.0  0.0  0.0  0.0  0.0    0.0
 298.15000     -6334686.704069  0.0   0.0   0.0   0.0		0.0   
NaKCO3.6H2O     
1  1  12.0 9.0  1.0  0.0  0.0  1.0  1.0  0.0  0.0  0.0  0.0    0.0
 298.15000     -2495798.142622   0.0   0.0   0.0   0.0		0.0  
NaK2H(CO3)2.2H2O     
1  1  5.0  8.0  2.0  0.0  0.0  1.0  2.0  0.0  0.0  0.0  0.0    0.0
 298.15000     -2408886.459189   0.0   0.0   0.0   0.0		0.0  
K3H(SO4)2     
1  1  1.0  8.0  0.0  2.0  0.0  0.0  3.0  0.0  0.0  0.0  0.0    0.0
 298.15000     -2356977.427498  0.0   0.0   0.0   0.0		0.0   
Na3H(SO4)2     
1  1  1.0  8.0  0.0  2.0  0.0  3.0  0.0  0.0  0.0  0.0  0.0    0.0
 298.15000     -2279634.457643  0.0   0.0   0.0   0.0		0.0   
Na2CO3.7H2O     
1  1  14.0 10.0 1.0  0.0  0.0  2.0  0.0  0.0  0.0  0.0  0.0    0.0
 298.15000     -2714316.821875  0.0   0.0   0.0   0.0		0.0   
KCl     
1  1  0.0  0.0  0.0  0.0  1.0  0.0  1.0  0.0  0.0  0.0  0.0    0.0
 298.15000     -408628.690733  0.0   0.0   0.0   0.0		0.0   
syngenit     
1  1  2.0  9.0 0.0  2.0  0.0  0.0  2.0  0.0  1.0  0.0   0.0   0.0
 298.15000     -2887470.874579   0.0   0.0   0.0   0.0		0.0  
tachhydrit     
1  1  24.0 12.0 0.0  0.0  6.0  0.0  0.0  2.0  1.0  0.0  0.0    0.0
 298.15000     -4997297.850330  0.0   0.0   0.0   0.0		0.0   
Na2SO4     
1  1  0.0  4.0  0.0  1.0  0.0  2.0  0.0  0.0  0.0  0.0  0.0    0.0
298.15000    -1343293.884 1781.886588  -271.6978801  3.90341458e-2  0.0 0.0 
Na2CO3.H2O     
1  1  2.0  4.0  1.0  0.0  0.0  2.0  0.0  0.0  0.0  0.0  0.0    0.0
 298.15000     -1286074.767970  0.0   0.0   0.0   0.0		0.0   
Na3H(CO3)2.2H2O     
1  1  5.0  8.0  2.0  0.0  0.0  3.0  0.0  0.0  0.0  0.0  0.0    0.0
 298.15000     -2380725.685550   0.0   0.0   0.0   0.0		0.0  
Mg2(OH)3(SO4)0.5.4H2O 
1  1 11.0  9.0  0.0  0.5  0.0  0.0  0.0  2.0  0.0  0.0  0.0	0.0
 298.15000     -2800000.0 0.0   0.0   0.0   0.0		0.0
quarz
1  1  0.0  2.0  0.0  0.0  0.0  0.0  0.0  0.0  0.0  0.0  1.0	0.0
 298.15000     -857243.0  0.0   0.0   0.0   0.0		0.0
MgO
1  1  0.0  1.0  0.0  0.0  0.0  0.0  0.0  1.0  0.0  0.0  0.0	0.0
 298.15000     -570153.0   0.0   0.0   0.0   0.0		0.0   
Tobermorit-11A 
1  1  11.0 22.5 0.0  0.0  0.0  0.0  0.0  0.0  5.0  0.0  6.0	0.0
 298.15000     -9889692.0  0.0   0.0   0.0   0.0		0.0
Tobermorit-14A
1  1  21.0 27.5 0.0  0.0  0.0  0.0  0.0  0.0  5.0  0.0  6.0	0.0
 298.15000     -11095518.0  0.0   0.0   0.0   0.0		0.0
Tobermorit-9A
1  1   6.0 20.0 0.0  0.0  0.0  0.0  0.0  0.0  5.0  0.0  6.0	0.0
 298.15000     -9277032.0  0.0   0.0   0.0   0.0		0.0
3MgCO3*Mg(OH)2*3H2O
1  1   8.0 14.0 3.0  0.0  0.0  0.0  0.0  4.0  0.0  0.0  0.0	0.0
 298.15000     -4606700.0  0.0   0.0   0.0   0.0		0.0
Enstatit
1  1   0.0  3.0 0.0  0.0  0.0  0.0  0.0  1.0  0.0  0.0  1.0	0.0
 298.15000     -1463120.0  0.0   0.0   0.0   0.0		0.0
Forsterit
1  1   0.0  4.0 0.0  0.0  0.0  0.0  0.0  2.0  0.0  0.0  1.0	0.0
 298.15000     -2056600.0  0.0   0.0   0.0   0.0		0.0
Talk
1  1   2.0 12.0 0.0  0.0  0.0  0.0  0.0  3.0  0.0  0.0  4.0	0.0
 298.15000     -5546700.0  0.0   0.0   0.0   0.0		0.0
Serpentin
1  1   8.0 18.0 0.0  0.0  0.0  0.0  0.0  6.0  0.0  0.0  4.0	0.0
 298.15000     -8081450.0  0.0   0.0   0.0   0.0		0.0
Li2SO4.H2O
1  1   2.0  5.0  0.0  1.0  0.0  0.0  0.0  0.0  0.0  0.0  0.0  2.0
 298.15		-1564487.99  0.0   0.0   0.0   0.0		0.0
Li2SO4.K2SO4
1  1   0.0  8.0  0.0  2.0  0.0  0.0  2.0  0.0  0.0  0.0  0.0  2.0
 298.15		-2654890.93  0.0   0.0   0.0   0.0		0.0
Li-Carn
1  1  14.0  7.0  0.0  0.0  3.0  0.0  0.0  1.0  0.0  0.0  0.0  1.0
 298.15		-2747513.979  0.0   0.0   0.0   0.0		0.0
LiCl.H2O
1  1  2.0  1.0  0.0  0.0  1.0  0.0  0.0  0.0  0.0  0.0  0.0  1.0
 298.15		-631128.2865  0.0   0.0   0.0   0.0		0.0
Li_DB1
1  1  24.0  28.0  0.0  4.0  0.0  6.0  0.0  0.0  0.0  0.0  0.0  2.0
 298.15		-8119378.17  398.6   0.0   0.0   0.0		0.0
Li_DB2
1  1  0.0  8.0  0.0  2.0  0.0  2.0  0.0  0.0  0.0  0.0  0.0  2.0
 298.15		-2599761.82  0.0   0.0   0.0   0.0		0.0
Li_DB3
 1  1  0.0  16.0  0.0  4.0  0.0  2.0  2.0  0.0  0.0  0.0  0.0  4.0
 298.15		-5263405.87  0.0   0.0   0.0   0.0		0.0
LiCl
1   1  0.0  0.0  0.0  0.0  1.0  0.0  0.0  0.0  0.0  0.0  0.0  1.0
298.15		500000.0  0.0   0.0   0.0   0.0		0.0
MgCl2
1   1  0.0  0.0  0.0  0.0   2.0   0.0   0.0   1.0   0.0   0.0  0.0  0.0 
298.15		500000.0  0.0   0.0   0.0   0.0		0.0
MgSO4.4H2O
1   1  8.0  8.0  0.0  1.0  0.0  0.0  0.0  1.0  0.0  0.0  0.0    0.0
298.15		-2145566.3  0.0   0.0   0.0   0.0		0.0
MgSO4.5H2O
1   1  10.0  9.0	0.0	1.0	0.0	0.0	0.0	1.0	0.0	0.0	0.0	0.0
298.15		-2392383.748  0.0   0.0   0.0   0.0		0.0
Li2CO3
1   1  0  	3	1	0	0	0	0	0	0	0	0	2
298.15		-1131015.373  0.0   0.0   0.0   0.0		0.0
MgSO4
1   1   0 	 4 	 0  	1 	 0 	 0 	 0 	 1 	 0 	 0 	 0 	 0
298.15		500000.0  0.0   0.0   0.0   0.0		0.0
LiOH.H2O
1   1   3.0  2.0 0		0	0	0	0	0	0	0	0	1.0
298.15	-683000.378  0.0   0.0   0.0   0.0		0.0
Li2SO4
1  1   0.0  4.0  0.0  1.0  0.0  0.0  0.0  0.0  0.0  0.0  0.0  2.0
 298.15		5000000.0  0.0   0.0   0.0   0.0		0.0
NaOH
1  1   1.0  1.0  0.0  0.0  0.0  1.0  0.0  0.0  0.0  0.0  0.0  0.0
 298.15		5000000.0  0.0   0.0   0.0   0.0		0.0
######################################################################################    
Datenfile nach : Harvie, Moeller, Weare Geochim. Cosmochim. Acta Vol. 48,
(1984), 723-51
ergaenzt um MgCl2*3Mg(OH)2*8H2O
           MgSO4*3Mg(OH)2*8H2O
erstellt und getestet durch:     Prof. Dr. W. Voigt
                                 Institut fuer Anorganische Chemie
                                 TU Bergakademie Freiberg
                                 Leipziger Str. 29
                                 D-09596 Freiberg
Freiberg, den 3.12.1998
erweitert um Li+ und Doppelsalze aus Pengsheng Song, Yan Yao CALPHAD 27(2003),343 und CALPHAD 25(2001),329
Jan. 2009: MgSO4.4H2O ergänzt, aus Löslichkeitsdaten mit diesen Pitzerparametern KL ermittelt
2.4.2010  Einarbeitung von Li2CO3(s)
am 15.2.2012 Fehler in Stoechiometrie K2CO3.3.5 beseitigt, auf richtige Zus. K2CO3.1.5H2O gesetzt
Wert von dfG von  -1431266.362342 auf 
2015, Maerz: Erggänzung LiOH Pitzer-P. aus beta0, beta1, Cphi aus May, Rowland 2011, Bildungsdatum LiOH*H2O aus Monnin, Dubois 2005
24.3.15: LiOH.H2O
1   1   3.0  2.0 0		0	0	0	0	0	0	0	0	1.0
298.15	-682398.378
obiger Wert aus T-Fkt. von MONNIN 2005 liefert mit 6.2 mol/kg H2O eine zu hohe Löslichkeit
25.3.15: Wert von dG0 LiOH.H2O auf -683000.378 J/mol setzen. Löslichkeit jetzt: 5.3065 mol/kg H2O
25.3.15: psi(Li+, Na+, OH-) eingebaut
26.3.2015: T-Abhängige Pitzer-Koeff für beta0, beta1, Cphi für NaOH und Na2SO4 aus Ozean3.dat 
26.3.2015: T-Fktt. von Mirabilit und Thenardit aus ozean3.dat mit Verrechnung der Bildungsdaten der Ionen und Wasser
26.3.2015: beachten: da im HMW84-File bei T=298.15 K die R*beta(i), R*Cphi als 2. Term der Gexcess-Gl. stehen, müssen bei der
	polythermen Form auch dieses Glied an die 2. Stelle, wurde so umgestellt.
	26.3.15: Dummy Li2SO4 eingetragen
	26.3.15: T-Fkt. für Li_DB1 eingetragen,gilt zw. 0 - 30 °C: -7992232.99  -27.847   0.0   0.0   0.0		0.0
	mit obiger Fkt. beo 273.15 K kein Li_DB1 --> nicht erfolgreich, Li_DB1 verschwindet  
26.3.15: Fkt. fuer Li_DB1 durch Probieren eingesetzt, sodass Existenzbereich bei 0 und 25 Celsius akzeptabel
28.3.15: Beim Überprüfen der Löslichkeit des Systems Na2SO4-NaOH-H2O mit HMW84Li4.dat ergaben sich viel zu hohe Löslichkeiten für Na2SO4
		so wurden auch theta(SO4-OH) und psi(Na-SO4-OH) aus ozean3.dat in HMW84Li5.dat  übernommen
28.3.15: Fehler im Absolutterm Na2SO4(s) korrigiert--> siehe Aufzeichnungen
15.5.15: Fehler in Stöchiometrie von Li2SO4 bemerkt und korrigiert. H2O war noch in den Stöchiometriekoeff.
10.6.19: Dummy NaOH eingefügt
#######################################################################################

